*Clock	1MHz							
*Name	ENDC	ENDP	ZERO	CH4	CCD	FD	SW	OSC
*Channels	1	2	3	4	5	6	7	8
*Amplitude	100	100	100	100	100	100	100	100
* 1 s
30000	-100	-100	0	0	0	0	3	0
30000	-100	-100	0	0	0	0	3	0
30000	-100	-100	0	0	0	0	3	0
10000	-100	-100	0	0	0	0	3	0
30000	-100	-100	0	0	0	0	3	0
30000	-100	-100	0	0	0	0	3	0
30000	-100	-100	0	0	0	0	3	0
10000	-100	-100	0	0	0	0	3	0
30000	-100	-100	0	0	0	0	3	0
30000	-100	-100	0	0	0	0	3	0
30000	-100	-100	0	0	0	0	3	0
10000	-100	-100	0	0	0	0	3	0
30000	-100	-100	0	0	0	0	3	0
30000	-100	-100	0	0	0	0	3	0
30000	-100	-100	0	0	0	0	3	0
10000	-100	-100	0	0	0	0	3	0
30000	-100	-100	0	0	0	0	3	0
30000	-100	-100	0	0	0	0	3	0
30000	-100	-100	0	0	0	0	3	0
10000	-100	-100	0	0	0	0	3	0
30000	-100	-100	0	0	0	0	3	0
30000	-100	-100	0	0	0	0	3	0
30000	-100	-100	0	0	0	0	3	0
10000	-100	-100	0	0	0	0	3	0
30000	-100	-100	0	0	0	0	3	0
30000	-100	-100	0	0	0	0	3	0
30000	-100	-100	0	0	0	0	3	0
10000	-100	-100	0	0	0	0	3	0
30000	-100	-100	0	0	0	0	3	0
30000	-100	-100	0	0	0	0	3	0
30000	-100	-100	0	0	0	0	3	0
10000	-100	-100	0	0	0	0	3	0
30000	-100	-100	0	0	0	0	3	0
30000	-100	-100	0	0	0	0	3	0
30000	-100	-100	0	0	0	0	3	0
10000	-100	-100	0	0	0	0	3	0
30000	-100	-100	0	0	0	0	3	0
30000	-100	-100	0	0	0	0	3	0
30000	-100	-100	0	0	0	0	3	0
10000	-100	-100	0	0	0	0	3	0
* 2 s
30000	-100	-100	0	0	0	0	3	0
30000	-100	-100	0	0	0	0	3	0
30000	-100	-100	0	0	0	0	3	0
10000	-100	-100	0	0	0	0	3	0
30000	-100	-100	0	0	0	0	3	0
30000	-100	-100	0	0	0	0	3	0
30000	-100	-100	0	0	0	0	3	0
10000	-100	-100	0	0	0	0	3	0
30000	-100	-100	0	0	0	0	3	0
30000	-100	-100	0	0	0	0	3	0
30000	-100	-100	0	0	0	0	3	0
10000	-100	-100	0	0	0	0	3	0
30000	-100	-100	0	0	0	0	3	0
30000	-100	-100	0	0	0	0	3	0
30000	-100	-100	0	0	0	0	3	0
10000	-100	-100	0	0	0	0	3	0
30000	-100	-100	0	0	0	0	3	0
30000	-100	-100	0	0	0	0	3	0
30000	-100	-100	0	0	0	0	3	0
10000	-100	-100	0	0	0	0	3	0
30000	-100	-100	0	0	0	0	3	0
30000	-100	-100	0	0	0	0	3	0
30000	-100	-100	0	0	0	0	3	0
10000	-100	-100	0	0	0	0	3	0
30000	-100	-100	0	0	0	0	3	0
30000	-100	-100	0	0	0	0	3	0
30000	-100	-100	0	0	0	0	3	0
10000	-100	-100	0	0	0	0	3	0
30000	-100	-100	0	0	0	0	3	0
30000	-100	-100	0	0	0	0	3	0
30000	-100	-100	0	0	0	0	3	0
10000	-100	-100	0	0	0	0	3	0
30000	-100	-100	0	0	0	0	3	0
30000	-100	-100	0	0	0	0	3	0
30000	-100	-100	0	0	0	0	3	0
10000	-100	-100	0	0	0	0	3	0
30000	-100	-100	0	0	0	0	3	0
30000	-100	-100	0	0	0	0	3	0
30000	-100	-100	0	0	0	0	3	0
10000	-100	-100	0	0	0	0	3	0
* 3 s
30000	-100	-100	0	0	0	0	3	0
30000	-100	-100	0	0	0	0	3	0
30000	-100	-100	0	0	0	0	3	0
10000	-100	-100	0	0	0	0	3	0
30000	-100	-100	0	0	0	0	3	0
30000	-100	-100	0	0	0	0	3	0
30000	-100	-100	0	0	0	0	3	0
10000	-100	-100	0	0	0	0	3	0
30000	-100	-100	0	0	0	0	3	0
30000	-100	-100	0	0	0	0	3	0
30000	-100	-100	0	0	0	0	3	0
10000	-100	-100	0	0	0	0	3	0
30000	-100	-100	0	0	0	0	3	0
30000	-100	-100	0	0	0	0	3	0
30000	-100	-100	0	0	0	0	3	0
10000	-100	-100	0	0	0	0	3	0
30000	-100	-100	0	0	0	0	3	0
30000	-100	-100	0	0	0	0	3	0
30000	-100	-100	0	0	0	0	3	0
10000	-100	-100	0	0	0	0	3	0
30000	-100	-100	0	0	0	0	3	0
30000	-100	-100	0	0	0	0	3	0
30000	-100	-100	0	0	0	0	3	0
10000	-100	-100	0	0	0	0	3	0
30000	-100	-100	0	0	0	0	3	0
30000	-100	-100	0	0	0	0	3	0
30000	-100	-100	0	0	0	0	3	0
10000	-100	-100	0	0	0	0	3	0
30000	-100	-100	0	0	0	0	3	0
30000	-100	-100	0	0	0	0	3	0
30000	-100	-100	0	0	0	0	3	0
10000	-100	-100	0	0	0	0	3	0
30000	-100	-100	0	0	0	0	3	0
30000	-100	-100	0	0	0	0	3	0
30000	-100	-100	0	0	0	0	3	0
10000	-100	-100	0	0	0	0	3	0
30000	-100	-100	0	0	0	0	3	0
30000	-100	-100	0	0	0	0	3	0
30000	-100	-100	0	0	0	0	3	0
10000	-100	-100	0	0	0	0	3	0
* 4 s
30000	-100	-100	0	0	0	0	3	0
30000	-100	-100	0	0	0	0	3	0
30000	-100	-100	0	0	0	0	3	0
10000	-100	-100	0	0	0	0	3	0
30000	-100	-100	0	0	0	0	3	0
30000	-100	-100	0	0	0	0	3	0
30000	-100	-100	0	0	0	0	3	0
10000	-100	-100	0	0	0	0	3	0
30000	-100	-100	0	0	0	0	3	0
30000	-100	-100	0	0	0	0	3	0
30000	-100	-100	0	0	0	0	3	0
10000	-100	-100	0	0	0	0	3	0
30000	-100	-100	0	0	0	0	3	0
30000	-100	-100	0	0	0	0	3	0
30000	-100	-100	0	0	0	0	3	0
10000	-100	-100	0	0	0	0	3	0
30000	-100	-100	0	0	0	0	3	0
30000	-100	-100	0	0	0	0	3	0
30000	-100	-100	0	0	0	0	3	0
10000	-100	-100	0	0	0	0	3	0
30000	-100	-100	0	0	0	0	3	0
30000	-100	-100	0	0	0	0	3	0
30000	-100	-100	0	0	0	0	3	0
10000	-100	-100	0	0	0	0	3	0
30000	-100	-100	0	0	0	0	3	0
30000	-100	-100	0	0	0	0	3	0
30000	-100	-100	0	0	0	0	3	0
10000	-100	-100	0	0	0	0	3	0
30000	-100	-100	0	0	0	0	3	0
30000	-100	-100	0	0	0	0	3	0
30000	-100	-100	0	0	0	0	3	0
10000	-100	-100	0	0	0	0	3	0
30000	-100	-100	0	0	0	0	3	0
30000	-100	-100	0	0	0	0	3	0
30000	-100	-100	0	0	0	0	3	0
10000	-100	-100	0	0	0	0	3	0
30000	-100	-100	0	0	0	0	3	0
30000	-100	-100	0	0	0	0	3	0
30000	-100	-100	0	0	0	0	3	0
10000	-100	-100	0	0	0	0	3	0
* 5 s
30000	-100	-100	0	0	0	0	3	0
30000	-100	-100	0	0	0	0	3	0
30000	-100	-100	0	0	0	0	3	0
10000	-100	-100	0	0	0	0	3	0
30000	-100	-100	0	0	0	0	3	0
30000	-100	-100	0	0	0	0	3	0
30000	-100	-100	0	0	0	0	3	0
10000	-100	-100	0	0	0	0	3	0
30000	-100	-100	0	0	0	0	3	0
30000	-100	-100	0	0	0	0	3	0
30000	-100	-100	0	0	0	0	3	0
10000	-100	-100	0	0	0	0	3	0
30000	-100	-100	0	0	0	0	3	0
30000	-100	-100	0	0	0	0	3	0
30000	-100	-100	0	0	0	0	3	0
10000	-100	-100	0	0	0	0	3	0
30000	-100	-100	0	0	0	0	3	0
30000	-100	-100	0	0	0	0	3	0
30000	-100	-100	0	0	0	0	3	0
10000	-100	-100	0	0	0	0	3	0
30000	-100	-100	0	0	0	0	3	0
30000	-100	-100	0	0	0	0	3	0
30000	-100	-100	0	0	0	0	3	0
10000	-100	-100	0	0	0	0	3	0
30000	-100	-100	0	0	0	0	3	0
30000	-100	-100	0	0	0	0	3	0
30000	-100	-100	0	0	0	0	3	0
10000	-100	-100	0	0	0	0	3	0
30000	-100	-100	0	0	0	0	3	0
30000	-100	-100	0	0	0	0	3	0
30000	-100	-100	0	0	0	0	3	0
10000	-100	-100	0	0	0	0	3	0
30000	-100	-100	0	0	0	0	3	0
30000	-100	-100	0	0	0	0	3	0
30000	-100	-100	0	0	0	0	3	0
10000	-100	-100	0	0	0	0	3	0
30000	-100	-100	0	0	0	0	3	0
30000	-100	-100	0	0	0	0	3	0
30000	-100	-100	0	0	0	0	3	0
10000	-100	-100	0	0	0	0	3	0
* 6 s
30000	-100	-100	0	0	0	0	3	0
30000	-100	-100	0	0	0	0	3	0
30000	-100	-100	0	0	0	0	3	0
10000	-100	-100	0	0	0	0	3	0
30000	-100	-100	0	0	0	0	3	0
30000	-100	-100	0	0	0	0	3	0
30000	-100	-100	0	0	0	0	3	0
10000	-100	-100	0	0	0	0	3	0
30000	-100	-100	0	0	0	0	3	0
30000	-100	-100	0	0	0	0	3	0
30000	-100	-100	0	0	0	0	3	0
10000	-100	-100	0	0	0	0	3	0
30000	-100	-100	0	0	0	0	3	0
30000	-100	-100	0	0	0	0	3	0
30000	-100	-100	0	0	0	0	3	0
10000	-100	-100	0	0	0	0	3	0
30000	-100	-100	0	0	0	0	3	0
30000	-100	-100	0	0	0	0	3	0
30000	-100	-100	0	0	0	0	3	0
10000	-100	-100	0	0	0	0	3	0
30000	-100	-100	0	0	0	0	3	0
30000	-100	-100	0	0	0	0	3	0
30000	-100	-100	0	0	0	0	3	0
10000	-100	-100	0	0	0	0	3	0
30000	-100	-100	0	0	0	0	3	0
30000	-100	-100	0	0	0	0	3	0
30000	-100	-100	0	0	0	0	3	0
10000	-100	-100	0	0	0	0	3	0
30000	-100	-100	0	0	0	0	3	0
30000	-100	-100	0	0	0	0	3	0
30000	-100	-100	0	0	0	0	3	0
10000	-100	-100	0	0	0	0	3	0
30000	-100	-100	0	0	0	0	3	0
30000	-100	-100	0	0	0	0	3	0
30000	-100	-100	0	0	0	0	3	0
10000	-100	-100	0	0	0	0	3	0
30000	-100	-100	0	0	0	0	3	0
30000	-100	-100	0	0	0	0	3	0
30000	-100	-100	0	0	0	0	3	0
10000	-100	-100	0	0	0	0	3	0
* 7 s
30000	-100	-100	0	0	0	0	3	0
30000	-100	-100	0	0	0	0	3	0
30000	-100	-100	0	0	0	0	3	0
10000	-100	-100	0	0	0	0	3	0
30000	-100	-100	0	0	0	0	3	0
30000	-100	-100	0	0	0	0	3	0
30000	-100	-100	0	0	0	0	3	0
10000	-100	-100	0	0	0	0	3	0
30000	-100	-100	0	0	0	0	3	0
30000	-100	-100	0	0	0	0	3	0
30000	-100	-100	0	0	0	0	3	0
10000	-100	-100	0	0	0	0	3	0
30000	-100	-100	0	0	0	0	3	0
30000	-100	-100	0	0	0	0	3	0
30000	-100	-100	0	0	0	0	3	0
10000	-100	-100	0	0	0	0	3	0
30000	-100	-100	0	0	0	0	3	0
30000	-100	-100	0	0	0	0	3	0
30000	-100	-100	0	0	0	0	3	0
10000	-100	-100	0	0	0	0	3	0
30000	-100	-100	0	0	0	0	3	0
30000	-100	-100	0	0	0	0	3	0
30000	-100	-100	0	0	0	0	3	0
10000	-100	-100	0	0	0	0	3	0
30000	-100	-100	0	0	0	0	3	0
30000	-100	-100	0	0	0	0	3	0
30000	-100	-100	0	0	0	0	3	0
10000	-100	-100	0	0	0	0	3	0
30000	-100	-100	0	0	0	0	3	0
30000	-100	-100	0	0	0	0	3	0
30000	-100	-100	0	0	0	0	3	0
10000	-100	-100	0	0	0	0	3	0
30000	-100	-100	0	0	0	0	3	0
30000	-100	-100	0	0	0	0	3	0
30000	-100	-100	0	0	0	0	3	0
10000	-100	-100	0	0	0	0	3	0
30000	-100	-100	0	0	0	0	3	0
30000	-100	-100	0	0	0	0	3	0
30000	-100	-100	0	0	0	0	3	0
10000	-100	-100	0	0	0	0	3	0
* 8 s
30000	-100	-100	0	0	0	0	3	0
30000	-100	-100	0	0	0	0	3	0
30000	-100	-100	0	0	0	0	3	0
10000	-100	-100	0	0	0	0	3	0
30000	-100	-100	0	0	0	0	3	0
30000	-100	-100	0	0	0	0	3	0
30000	-100	-100	0	0	0	0	3	0
10000	-100	-100	0	0	0	0	3	0
30000	-100	-100	0	0	0	0	3	0
30000	-100	-100	0	0	0	0	3	0
30000	-100	-100	0	0	0	0	3	0
10000	-100	-100	0	0	0	0	3	0
30000	-100	-100	0	0	0	0	3	0
30000	-100	-100	0	0	0	0	3	0
30000	-100	-100	0	0	0	0	3	0
10000	-100	-100	0	0	0	0	3	0
30000	-100	-100	0	0	0	0	3	0
30000	-100	-100	0	0	0	0	3	0
30000	-100	-100	0	0	0	0	3	0
10000	-100	-100	0	0	0	0	3	0
30000	-100	-100	0	0	0	0	3	0
30000	-100	-100	0	0	0	0	3	0
30000	-100	-100	0	0	0	0	3	0
10000	-100	-100	0	0	0	0	3	0
30000	-100	-100	0	0	0	0	3	0
30000	-100	-100	0	0	0	0	3	0
30000	-100	-100	0	0	0	0	3	0
10000	-100	-100	0	0	0	0	3	0
30000	-100	-100	0	0	0	0	3	0
30000	-100	-100	0	0	0	0	3	0
30000	-100	-100	0	0	0	0	3	0
10000	-100	-100	0	0	0	0	3	0
30000	-100	-100	0	0	0	0	3	0
30000	-100	-100	0	0	0	0	3	0
30000	-100	-100	0	0	0	0	3	0
10000	-100	-100	0	0	0	0	3	0
30000	-100	-100	0	0	0	0	3	0
30000	-100	-100	0	0	0	0	3	0
30000	-100	-100	0	0	0	0	3	0
10000	-100	-100	0	0	0	0	3	0
* 9 s
30000	-100	-100	0	0	0	0	3	0
30000	-100	-100	0	0	0	0	3	0
30000	-100	-100	0	0	0	0	3	0
10000	-100	-100	0	0	0	0	3	0
30000	-100	-100	0	0	0	0	3	0
30000	-100	-100	0	0	0	0	3	0
30000	-100	-100	0	0	0	0	3	0
10000	-100	-100	0	0	0	0	3	0
30000	-100	-100	0	0	0	0	3	0
30000	-100	-100	0	0	0	0	3	0
30000	-100	-100	0	0	0	0	3	0
10000	-100	-100	0	0	0	0	3	0
30000	-100	-100	0	0	0	0	3	0
30000	-100	-100	0	0	0	0	3	0
30000	-100	-100	0	0	0	0	3	0
10000	-100	-100	0	0	0	0	3	0
30000	-100	-100	0	0	0	0	3	0
30000	-100	-100	0	0	0	0	3	0
30000	-100	-100	0	0	0	0	3	0
10000	-100	-100	0	0	0	0	3	0
30000	-100	-100	0	0	0	0	3	0
30000	-100	-100	0	0	0	0	3	0
30000	-100	-100	0	0	0	0	3	0
10000	-100	-100	0	0	0	0	3	0
30000	-100	-100	0	0	0	0	3	0
30000	-100	-100	0	0	0	0	3	0
30000	-100	-100	0	0	0	0	3	0
10000	-100	-100	0	0	0	0	3	0
30000	-100	-100	0	0	0	0	3	0
30000	-100	-100	0	0	0	0	3	0
30000	-100	-100	0	0	0	0	3	0
10000	-100	-100	0	0	0	0	3	0
30000	-100	-100	0	0	0	0	3	0
30000	-100	-100	0	0	0	0	3	0
30000	-100	-100	0	0	0	0	3	0
10000	-100	-100	0	0	0	0	3	0
30000	-100	-100	0	0	0	0	3	0
30000	-100	-100	0	0	0	0	3	0
30000	-100	-100	0	0	0	0	3	0
10000	-100	-100	0	0	0	0	3	0
*
*
* Feedback damping
* 1 s
30000	-100	-100	0	0	0	3	0	0
30000	-100	-100	0	0	0	3	0	0
30000	-100	-100	0	0	0	3	0	0
10000	-100	-100	0	0	0	3	0	0
30000	-100	-100	0	0	0	3	0	0
30000	-100	-100	0	0	0	3	0	0
30000	-100	-100	0	0	0	3	0	0
10000	-100	-100	0	0	0	3	0	0
30000	-100	-100	0	0	0	3	0	0
30000	-100	-100	0	0	0	3	0	0
30000	-100	-100	0	0	0	3	0	0
10000	-100	-100	0	0	0	3	0	0
30000	-100	-100	0	0	0	3	0	0
30000	-100	-100	0	0	0	3	0	0
30000	-100	-100	0	0	0	3	0	0
10000	-100	-100	0	0	0	3	0	0
30000	-100	-100	0	0	0	3	0	0
30000	-100	-100	0	0	0	3	0	0
30000	-100	-100	0	0	0	3	0	0
10000	-100	-100	0	0	0	3	0	0
30000	-100	-100	0	0	0	3	0	0
30000	-100	-100	0	0	0	3	0	0
30000	-100	-100	0	0	0	3	0	0
10000	-100	-100	0	0	0	3	0	0
30000	-100	-100	0	0	0	3	0	0
30000	-100	-100	0	0	0	3	0	0
30000	-100	-100	0	0	0	3	0	0
10000	-100	-100	0	0	0	3	0	0
30000	-100	-100	0	0	0	3	0	0
30000	-100	-100	0	0	0	3	0	0
30000	-100	-100	0	0	0	3	0	0
10000	-100	-100	0	0	0	3	0	0
30000	-100	-100	0	0	0	3	0	0
30000	-100	-100	0	0	0	3	0	0
30000	-100	-100	0	0	0	3	0	0
10000	-100	-100	0	0	0	3	0	0
30000	-100	-100	0	0	0	3	0	0
30000	-100	-100	0	0	0	3	0	0
30000	-100	-100	0	0	0	3	0	0
10000	-100	-100	0	0	0	3	0	0
* 2 s
30000	-100	-100	0	0	0	3	0	0
30000	-100	-100	0	0	0	3	0	0
30000	-100	-100	0	0	0	3	0	0
10000	-100	-100	0	0	0	3	0	0
30000	-100	-100	0	0	0	3	0	0
30000	-100	-100	0	0	0	3	0	0
30000	-100	-100	0	0	0	3	0	0
10000	-100	-100	0	0	0	3	0	0
30000	-100	-100	0	0	0	3	0	0
30000	-100	-100	0	0	0	3	0	0
30000	-100	-100	0	0	0	3	0	0
10000	-100	-100	0	0	0	3	0	0
30000	-100	-100	0	0	0	3	0	0
30000	-100	-100	0	0	0	3	0	0
30000	-100	-100	0	0	0	3	0	0
10000	-100	-100	0	0	0	3	0	0
30000	-100	-100	0	0	0	3	0	0
30000	-100	-100	0	0	0	3	0	0
30000	-100	-100	0	0	0	3	0	0
10000	-100	-100	0	0	0	3	0	0
30000	-100	-100	0	0	0	3	0	0
30000	-100	-100	0	0	0	3	0	0
30000	-100	-100	0	0	0	3	0	0
10000	-100	-100	0	0	0	3	0	0
30000	-100	-100	0	0	0	3	0	0
30000	-100	-100	0	0	0	3	0	0
30000	-100	-100	0	0	0	3	0	0
10000	-100	-100	0	0	0	3	0	0
30000	-100	-100	0	0	0	3	0	0
30000	-100	-100	0	0	0	3	0	0
30000	-100	-100	0	0	0	3	0	0
10000	-100	-100	0	0	0	3	0	0
30000	-100	-100	0	0	0	3	0	0
30000	-100	-100	0	0	0	3	0	0
30000	-100	-100	0	0	0	3	0	0
10000	-100	-100	0	0	0	3	0	0
30000	-100	-100	0	0	0	3	0	0
30000	-100	-100	0	0	0	3	0	0
30000	-100	-100	0	0	0	3	0	0
10000	-100	-100	0	0	0	3	0	0
* 3 s
30000	-100	-100	0	0	0	3	0	0
30000	-100	-100	0	0	0	3	0	0
30000	-100	-100	0	0	0	3	0	0
10000	-100	-100	0	0	0	3	0	0
30000	-100	-100	0	0	0	3	0	0
30000	-100	-100	0	0	0	3	0	0
30000	-100	-100	0	0	0	3	0	0
10000	-100	-100	0	0	0	3	0	0
30000	-100	-100	0	0	0	3	0	0
30000	-100	-100	0	0	0	3	0	0
30000	-100	-100	0	0	0	3	0	0
10000	-100	-100	0	0	0	3	0	0
30000	-100	-100	0	0	0	3	0	0
30000	-100	-100	0	0	0	3	0	0
30000	-100	-100	0	0	0	3	0	0
10000	-100	-100	0	0	0	3	0	0
30000	-100	-100	0	0	0	3	0	0
30000	-100	-100	0	0	0	3	0	0
30000	-100	-100	0	0	0	3	0	0
10000	-100	-100	0	0	0	3	0	0
30000	-100	-100	0	0	0	3	0	0
30000	-100	-100	0	0	0	3	0	0
30000	-100	-100	0	0	0	3	0	0
10000	-100	-100	0	0	0	3	0	0
30000	-100	-100	0	0	0	3	0	0
30000	-100	-100	0	0	0	3	0	0
30000	-100	-100	0	0	0	3	0	0
10000	-100	-100	0	0	0	3	0	0
30000	-100	-100	0	0	0	3	0	0
30000	-100	-100	0	0	0	3	0	0
30000	-100	-100	0	0	0	3	0	0
10000	-100	-100	0	0	0	3	0	0
30000	-100	-100	0	0	0	3	0	0
30000	-100	-100	0	0	0	3	0	0
30000	-100	-100	0	0	0	3	0	0
10000	-100	-100	0	0	0	3	0	0
30000	-100	-100	0	0	0	3	0	0
30000	-100	-100	0	0	0	3	0	0
30000	-100	-100	0	0	0	3	0	0
10000	-100	-100	0	0	0	3	0	0
* 4 s
30000	-100	-100	0	0	0	3	0	0
30000	-100	-100	0	0	0	3	0	0
30000	-100	-100	0	0	0	3	0	0
10000	-100	-100	0	0	0	3	0	0
30000	-100	-100	0	0	0	3	0	0
30000	-100	-100	0	0	0	3	0	0
30000	-100	-100	0	0	0	3	0	0
10000	-100	-100	0	0	0	3	0	0
30000	-100	-100	0	0	0	3	0	0
30000	-100	-100	0	0	0	3	0	0
30000	-100	-100	0	0	0	3	0	0
10000	-100	-100	0	0	0	3	0	0
30000	-100	-100	0	0	0	3	0	0
30000	-100	-100	0	0	0	3	0	0
30000	-100	-100	0	0	0	3	0	0
10000	-100	-100	0	0	0	3	0	0
30000	-100	-100	0	0	0	3	0	0
30000	-100	-100	0	0	0	3	0	0
30000	-100	-100	0	0	0	3	0	0
10000	-100	-100	0	0	0	3	0	0
30000	-100	-100	0	0	0	3	0	0
30000	-100	-100	0	0	0	3	0	0
30000	-100	-100	0	0	0	3	0	0
10000	-100	-100	0	0	0	3	0	0
30000	-100	-100	0	0	0	3	0	0
30000	-100	-100	0	0	0	3	0	0
30000	-100	-100	0	0	0	3	0	0
10000	-100	-100	0	0	0	3	0	0
30000	-100	-100	0	0	0	3	0	0
30000	-100	-100	0	0	0	3	0	0
30000	-100	-100	0	0	0	3	0	0
10000	-100	-100	0	0	0	3	0	0
30000	-100	-100	0	0	0	3	0	0
30000	-100	-100	0	0	0	3	0	0
30000	-100	-100	0	0	0	3	0	0
10000	-100	-100	0	0	0	3	0	0
30000	-100	-100	0	0	0	3	0	0
30000	-100	-100	0	0	0	3	0	0
30000	-100	-100	0	0	0	3	0	0
10000	-100	-100	0	0	0	3	0	0
* 5 s
30000	-100	-100	0	0	0	3	0	0
30000	-100	-100	0	0	0	3	0	0
30000	-100	-100	0	0	0	3	0	0
10000	-100	-100	0	0	0	3	0	0
30000	-100	-100	0	0	0	3	0	0
30000	-100	-100	0	0	0	3	0	0
30000	-100	-100	0	0	0	3	0	0
10000	-100	-100	0	0	0	3	0	0
30000	-100	-100	0	0	0	3	0	0
30000	-100	-100	0	0	0	3	0	0
30000	-100	-100	0	0	0	3	0	0
10000	-100	-100	0	0	0	3	0	0
30000	-100	-100	0	0	0	3	0	0
30000	-100	-100	0	0	0	3	0	0
30000	-100	-100	0	0	0	3	0	0
10000	-100	-100	0	0	0	3	0	0
30000	-100	-100	0	0	0	3	0	0
30000	-100	-100	0	0	0	3	0	0
30000	-100	-100	0	0	0	3	0	0
10000	-100	-100	0	0	0	3	0	0
30000	-100	-100	0	0	0	3	0	0
30000	-100	-100	0	0	0	3	0	0
30000	-100	-100	0	0	0	3	0	0
10000	-100	-100	0	0	0	3	0	0
30000	-100	-100	0	0	0	3	0	0
30000	-100	-100	0	0	0	3	0	0
30000	-100	-100	0	0	0	3	0	0
10000	-100	-100	0	0	0	3	0	0
30000	-100	-100	0	0	0	3	0	0
30000	-100	-100	0	0	0	3	0	0
30000	-100	-100	0	0	0	3	0	0
10000	-100	-100	0	0	0	3	0	0
30000	-100	-100	0	0	0	3	0	0
30000	-100	-100	0	0	0	3	0	0
30000	-100	-100	0	0	0	3	0	0
10000	-100	-100	0	0	0	3	0	0
30000	-100	-100	0	0	0	3	0	0
30000	-100	-100	0	0	0	3	0	0
30000	-100	-100	0	0	0	3	0	0
10000	-100	-100	0	0	0	3	0	0
* 6 s
30000	-100	-100	0	0	0	3	0	0
30000	-100	-100	0	0	0	3	0	0
30000	-100	-100	0	0	0	3	0	0
10000	-100	-100	0	0	0	3	0	0
30000	-100	-100	0	0	0	3	0	0
30000	-100	-100	0	0	0	3	0	0
30000	-100	-100	0	0	0	3	0	0
10000	-100	-100	0	0	0	3	0	0
30000	-100	-100	0	0	0	3	0	0
30000	-100	-100	0	0	0	3	0	0
30000	-100	-100	0	0	0	3	0	0
10000	-100	-100	0	0	0	3	0	0
30000	-100	-100	0	0	0	3	0	0
30000	-100	-100	0	0	0	3	0	0
30000	-100	-100	0	0	0	3	0	0
10000	-100	-100	0	0	0	3	0	0
30000	-100	-100	0	0	0	3	0	0
30000	-100	-100	0	0	0	3	0	0
30000	-100	-100	0	0	0	3	0	0
10000	-100	-100	0	0	0	3	0	0
30000	-100	-100	0	0	0	3	0	0
30000	-100	-100	0	0	0	3	0	0
30000	-100	-100	0	0	0	3	0	0
10000	-100	-100	0	0	0	3	0	0
30000	-100	-100	0	0	0	3	0	0
30000	-100	-100	0	0	0	3	0	0
30000	-100	-100	0	0	0	3	0	0
10000	-100	-100	0	0	0	3	0	0
30000	-100	-100	0	0	0	3	0	0
30000	-100	-100	0	0	0	3	0	0
30000	-100	-100	0	0	0	3	0	0
10000	-100	-100	0	0	0	3	0	0
30000	-100	-100	0	0	0	3	0	0
30000	-100	-100	0	0	0	3	0	0
30000	-100	-100	0	0	0	3	0	0
10000	-100	-100	0	0	0	3	0	0
30000	-100	-100	0	0	0	3	0	0
30000	-100	-100	0	0	0	3	0	0
30000	-100	-100	0	0	0	3	0	0
10000	-100	-100	0	0	0	3	0	0
*
*
* rise C4
30000	-100	-100	0	-100	0	3	0	0
20000	-100	-100	0	-100	0	3	0	0
*
*
* lower ENDC
30000	0	-100	0	-100	0	3	0	0
20000	0	-100	0	-100	0	3	0	0
*
*
* ramp
2	0	-100	0	-99.5	0	0	0	1
2	0	-100	0	-99	0	0	0	1
2	0	-100	0	-98.5	0	0	0	1
2	0	-100	0	-98	0	0	0	1
2	0	-100	0	-97.5	0	0	0	1
2	0	-100	0	-97	0	0	0	1
2	0	-100	0	-96.5	0	0	0	1
2	0	-100	0	-96	0	0	0	1
2	0	-100	0	-95.5	0	0	0	1
2	0	-100	0	-95	0	0	0	1
2	0	-100	0	-94.5	0	0	0	1
2	0	-100	0	-94	0	0	0	1
2	0	-100	0	-93.5	0	0	0	1
2	0	-100	0	-93	0	0	0	1
2	0	-100	0	-92.5	0	0	0	1
2	0	-100	0	-92	0	0	0	1
2	0	-100	0	-91.5	0	0	0	1
2	0	-100	0	-91	0	0	0	1
2	0	-100	0	-90.5	0	0	0	1
2	0	-100	0	-90	0	0	0	1
2	0	-100	0	-89.5	0	0	0	1
2	0	-100	0	-89	0	0	0	1
2	0	-100	0	-88.5	0	0	0	1
2	0	-100	0	-88	0	0	0	1
2	0	-100	0	-87.5	0	0	0	1
2	0	-100	0	-87	0	0	0	1
2	0	-100	0	-86.5	0	0	0	1
2	0	-100	0	-86	0	0	0	1
2	0	-100	0	-85.5	0	0	0	1
2	0	-100	0	-85	0	0	0	1
2	0	-100	0	-84.5	0	0	0	1
2	0	-100	0	-84	0	0	0	1
2	0	-100	0	-83.5	0	0	0	1
2	0	-100	0	-83	0	0	0	1
2	0	-100	0	-82.5	0	0	0	1
2	0	-100	0	-82	0	0	0	1
2	0	-100	0	-81.5	0	0	0	1
2	0	-100	0	-81	0	0	0	1
2	0	-100	0	-80.5	0	0	0	1
2	0	-100	0	-80	0	0	0	1
2	0	-100	0	-79.5	0	0	0	1
2	0	-100	0	-79	0	0	0	1
2	0	-100	0	-78.5	0	0	0	1
2	0	-100	0	-78	0	0	0	1
2	0	-100	0	-77.5	0	0	0	1
2	0	-100	0	-77	0	0	0	1
2	0	-100	0	-76.5	0	0	0	1
2	0	-100	0	-76	0	0	0	1
2	0	-100	0	-75.5	0	0	0	1
2	0	-100	0	-75	0	0	0	1
2	0	-100	0	-74.5	0	0	0	1
2	0	-100	0	-74	0	0	0	1
2	0	-100	0	-73.5	0	0	0	1
2	0	-100	0	-73	0	0	0	1
2	0	-100	0	-72.5	0	0	0	1
2	0	-100	0	-72	0	0	0	1
2	0	-100	0	-71.5	0	0	0	1
2	0	-100	0	-71	0	0	0	1
2	0	-100	0	-70.5	0	0	0	1
2	0	-100	0	-70	0	0	0	1
2	0	-100	0	-69.5	0	0	0	1
2	0	-100	0	-69	0	0	0	1
2	0	-100	0	-68.5	0	0	0	1
2	0	-100	0	-68	0	0	0	1
2	0	-100	0	-67.5	0	0	0	1
2	0	-100	0	-67	0	0	0	1
2	0	-100	0	-66.5	0	0	0	1
2	0	-100	0	-66	0	0	0	1
2	0	-100	0	-65.5	0	0	0	1
2	0	-100	0	-65	0	0	0	1
2	0	-100	0	-64.5	0	0	0	1
2	0	-100	0	-64	0	0	0	1
2	0	-100	0	-63.5	0	0	0	1
2	0	-100	0	-63	0	0	0	1
2	0	-100	0	-62.5	0	0	0	1
2	0	-100	0	-62	0	0	0	1
2	0	-100	0	-61.5	0	0	0	1
2	0	-100	0	-61	0	0	0	1
2	0	-100	0	-60.5	0	0	0	1
2	0	-100	0	-60	0	0	0	1
2	0	-100	0	-59.5	0	0	0	1
2	0	-100	0	-59	0	0	0	1
2	0	-100	0	-58.5	0	0	0	1
2	0	-100	0	-58	0	0	0	1
2	0	-100	0	-57.5	0	0	0	1
2	0	-100	0	-57	0	0	0	1
2	0	-100	0	-56.5	0	0	0	1
2	0	-100	0	-56	0	0	0	1
2	0	-100	0	-55.5	0	0	0	1
2	0	-100	0	-55	0	0	0	1
2	0	-100	0	-54.5	0	0	0	1
2	0	-100	0	-54	0	0	0	1
2	0	-100	0	-53.5	0	0	0	1
2	0	-100	0	-53	0	0	0	1
2	0	-100	0	-52.5	0	0	0	1
2	0	-100	0	-52	0	0	0	1
2	0	-100	0	-51.5	0	0	0	1
2	0	-100	0	-51	0	0	0	1
2	0	-100	0	-50.5	0	0	0	1
2	0	-100	0	-50	0	0	0	1
2	0	-100	0	-49.5	0	0	0	1
2	0	-100	0	-49	0	0	0	1
2	0	-100	0	-48.5	0	0	0	1
2	0	-100	0	-48	0	0	0	1
2	0	-100	0	-47.5	0	0	0	1
2	0	-100	0	-47	0	0	0	1
2	0	-100	0	-46.5	0	0	0	1
2	0	-100	0	-46	0	0	0	1
2	0	-100	0	-45.5	0	0	0	1
2	0	-100	0	-45	0	0	0	1
2	0	-100	0	-44.5	0	0	0	1
2	0	-100	0	-44	0	0	0	1
2	0	-100	0	-43.5	0	0	0	1
2	0	-100	0	-43	0	0	0	1
2	0	-100	0	-42.5	0	0	0	1
2	0	-100	0	-42	0	0	0	1
2	0	-100	0	-41.5	0	0	0	1
2	0	-100	0	-41	0	0	0	1
2	0	-100	0	-40.5	0	0	0	1
2	0	-100	0	-40	0	0	0	1
2	0	-100	0	-39.5	0	0	0	1
2	0	-100	0	-39	0	0	0	1
2	0	-100	0	-38.5	0	0	0	1
2	0	-100	0	-38	0	0	0	1
2	0	-100	0	-37.5	0	0	0	1
2	0	-100	0	-37	0	0	0	1
2	0	-100	0	-36.5	0	0	0	1
2	0	-100	0	-36	0	0	0	1
2	0	-100	0	-35.5	0	0	0	1
2	0	-100	0	-35	0	0	0	1
2	0	-100	0	-34.5	0	0	0	1
2	0	-100	0	-34	0	0	0	1
2	0	-100	0	-33.5	0	0	0	1
2	0	-100	0	-33	0	0	0	1
2	0	-100	0	-32.5	0	0	0	1
2	0	-100	0	-32	0	0	0	1
2	0	-100	0	-31.5	0	0	0	1
2	0	-100	0	-31	0	0	0	1
2	0	-100	0	-30.5	0	0	0	1
2	0	-100	0	-30	0	0	0	1
2	0	-100	0	-29.5	0	0	0	1
2	0	-100	0	-29	0	0	0	1
2	0	-100	0	-28.5	0	0	0	1
2	0	-100	0	-28	0	0	0	1
2	0	-100	0	-27.5	0	0	0	1
2	0	-100	0	-27	0	0	0	1
2	0	-100	0	-26.5	0	0	0	1
2	0	-100	0	-26	0	0	0	1
2	0	-100	0	-25.5	0	0	0	1
2	0	-100	0	-25	0	0	0	1
2	0	-100	0	-24.5	0	0	0	1
2	0	-100	0	-24	0	0	0	1
2	0	-100	0	-23.5	0	0	0	1
2	0	-100	0	-23	0	0	0	1
2	0	-100	0	-22.5	0	0	0	1
2	0	-100	0	-22	0	0	0	1
2	0	-100	0	-21.5	0	0	0	1
2	0	-100	0	-21	0	0	0	1
2	0	-100	0	-20.5	0	0	0	1
2	0	-100	0	-20	0	0	0	1
2	0	-100	0	-19.5	0	0	0	1
2	0	-100	0	-19	0	0	0	1
2	0	-100	0	-18.5	0	0	0	1
2	0	-100	0	-18	0	0	0	1
2	0	-100	0	-17.5	0	0	0	1
2	0	-100	0	-17	0	0	0	1
2	0	-100	0	-16.5	0	0	0	1
2	0	-100	0	-16	0	0	0	1
2	0	-100	0	-15.5	0	0	0	1
2	0	-100	0	-15	0	0	0	1
2	0	-100	0	-14.5	0	0	0	1
2	0	-100	0	-14	0	0	0	1
2	0	-100	0	-13.5	0	0	0	1
2	0	-100	0	-13	0	0	0	1
2	0	-100	0	-12.5	0	0	0	1
2	0	-100	0	-12	0	0	0	1
2	0	-100	0	-11.5	0	0	0	1
2	0	-100	0	-11	0	0	0	1
2	0	-100	0	-10.5	0	0	0	1
2	0	-100	0	-10	0	0	0	1
2	0	-100	0	-9.5	0	0	0	1
2	0	-100	0	-9	0	0	0	1
2	0	-100	0	-8.5	0	0	0	1
2	0	-100	0	-8	0	0	0	1
2	0	-100	0	-7.5	0	0	0	1
2	0	-100	0	-7	0	0	0	1
2	0	-100	0	-6.5	0	0	0	1
2	0	-100	0	-6	0	0	0	1
2	0	-100	0	-5.5	0	0	0	1
2	0	-100	0	-5	0	0	0	1
2	0	-100	0	-4.5	0	0	0	1
2	0	-100	0	-4	0	0	0	1
2	0	-100	0	-3.5	0	0	0	1
2	0	-100	0	-3	0	0	0	1
2	0	-100	0	-2.5	0	0	0	1
2	0	-100	0	-2	0	0	0	1
2	0	-100	0	-1.5	0	0	0	1
2	0	-100	0	-1	0	0	0	1
2	0	-100	0	-0.5	0	0	0	1
2	0	-100	0	0	0	0	0	1
*
*
* clean
30000	0	0	0	0	0	0	0	0
20000	0	0	0	0	0	0	0	0
30000	0	0	0	0	0	0	0	0
20000	0	0	0	0	0	0	0	0
30000	0	0	0	0	0	0	0	0
20000	0	0	0	0	0	0	0	0
30000	0	0	0	0	0	0	0	0
20000	0	0	0	0	0	0	0	0
30000	0	0	0	0	0	0	0	0
20000	0	0	0	0	0	0	0	0
30000	0	0	0	0	0	0	0	0
20000	0	0	0	0	0	0	0	0
30000	0	0	0	0	0	0	0	0
20000	0	0	0	0	0	0	0	0
30000	0	0	0	0	0	0	0	0
20000	0	0	0	0	0	0	0	0
30000	0	0	0	0	0	0	0	0
20000	0	0	0	0	0	0	0	0
30000	0	0	0	0	0	0	0	0
20000	0	0	0	0	0	0	0	0