Nu1     A1      Nu3     A3 
17349.3615    0.017492     53098.046    6.5872e-05      
17150.2332    0.023104     51050.6943    1.7677e-05      
17250.2346    0.021129     51850.7052    1.3708e-05      
17200.2339    0.024084     51650.7024    1.1088e-05      
17200.2339    0.025614     50850.6916    7.3264e-06      
17250.2346    0.024732     51100.695    1.3038e-05      
17200.2339    0.023796     52600.7154    1.4733e-05      
17050.2319    0.020253     52050.7079    1.7435e-05      
17150.2332    0.021239     51800.7045    1.4276e-05      
